mean: 463.945625
 max: 3331.390000
 min: 0.000000
 devia: 903.276935